Width: 1280                                               // width of the images in pixels
Height: 1024                                              // height of the images in pixels
Camera-0-F: 1080.36 1080.18                               // left camera x,y focal dist in pixels
Camera-0-C: 595.12 514.37                                 // left camera x,y center in pixels
Camera-0-Alpha: 0.00000                                   // left camera skew
Camera-0-K: -0.00080 0.00281 0.00007 0.00000 0.00000      // left camera radial distortion
Camera-1-F: 1079.62 1079.41                               // right camera x,y focal dist in pixels
Camera-1-C: 695.34 515.00                                 // right camera x,y center in pixels
Camera-1-Alpha: 0.00000                                   // right camera skew
Camera-1-K: -0.00132 0.00398 0.00019 0.00000 0.00000      // right camera radial distortion
Extrinsic-Omega: 0.0002 -0.0011 -0.0000                   // left to right camera rotation
Extrinsic-T: -4.3650 -0.0169 -0.0388                      // left to right camera position